Events           Time                      CuI                   CuII
 000           0.000e+00                   1.000                   0.000
 001           6.592e-02                   398.000                   2.000
 002           9.397e-02                   396.000                   4.000
 003           3.202e+00                   394.000                   6.000
 004           3.313e+00                   392.000                   8.000
 005           3.994e+00                   390.000                   10.000
 006           4.534e+00                   388.000                   12.000
 007           4.835e+00                   386.000                   14.000
 008           7.423e+00                   384.000                   16.000
 009           8.230e+00                   382.000                   18.000
 010           9.226e+00                   380.000                   20.000
 011           9.733e+00                   378.000                   22.000
 012           1.197e+01                   376.000                   24.000
 013           1.266e+01                   374.000                   26.000
 014           1.491e+01                   372.000                   28.000
 015           1.519e+01                   370.000                   30.000
 016           1.581e+01                   368.000                   32.000
 017           1.895e+01                   366.000                   34.000
 018           1.943e+01                   364.000                   36.000
 019           1.955e+01                   362.000                   38.000
 020           1.964e+01                   360.000                   40.000
 021           2.133e+01                   358.000                   42.000
 022           2.256e+01                   356.000                   44.000
 023           2.399e+01                   354.000                   46.000
 024           2.409e+01                   352.000                   48.000
 025           2.606e+01                   350.000                   50.000
 026           2.801e+01                   348.000                   52.000
 027           2.980e+01                   346.000                   54.000
 028           2.994e+01                   344.000                   56.000
 029           3.407e+01                   342.000                   58.000
 030           3.521e+01                   340.000                   60.000
 031           3.608e+01                   338.000                   62.000
 032           3.700e+01                   336.000                   64.000
 033           3.748e+01                   334.000                   66.000
 034           3.788e+01                   332.000                   68.000
 035           3.809e+01                   330.000                   70.000
 036           4.374e+01                   328.000                   72.000
 037           4.453e+01                   326.000                   74.000
 038           4.460e+01                   324.000                   76.000
 039           4.688e+01                   322.000                   78.000
 040           4.898e+01                   320.000                   80.000
 041           4.907e+01                   318.000                   82.000
 042           5.068e+01                   316.000                   84.000
 043           5.156e+01                   314.000                   86.000
 044           5.323e+01                   312.000                   88.000
 045           5.535e+01                   310.000                   90.000
 046           5.551e+01                   308.000                   92.000
 047           5.594e+01                   306.000                   94.000
 048           5.690e+01                   304.000                   96.000
 049           6.287e+01                   302.000                   98.000
 050           6.294e+01                   300.000                   100.000
 051           6.633e+01                   298.000                   102.000
 052           6.634e+01                   296.000                   104.000
 053           7.443e+01                   294.000                   106.000
 054           7.668e+01                   292.000                   108.000
 055           8.171e+01                   290.000                   110.000
 056           8.432e+01                   288.000                   112.000
 057           8.436e+01                   286.000                   114.000
 058           8.851e+01                   284.000                   116.000
 059           8.934e+01                   282.000                   118.000
 060           9.293e+01                   280.000                   120.000
 061           9.448e+01                   278.000                   122.000
 062           9.674e+01                   276.000                   124.000
 063           9.739e+01                   274.000                   126.000
 064           9.815e+01                   272.000                   128.000
 065           9.938e+01                   270.000                   130.000
 066           1.055e+02                   268.000                   132.000
 067           1.092e+02                   266.000                   134.000
 068           1.095e+02                   264.000                   136.000
 069           1.176e+02                   262.000                   138.000
 070           1.191e+02                   260.000                   140.000
 071           1.238e+02                   258.000                   142.000
 072           1.238e+02                   256.000                   144.000
 073           1.280e+02                   254.000                   146.000
 074           1.368e+02                   252.000                   148.000
 075           1.428e+02                   250.000                   150.000
 076           1.440e+02                   248.000                   152.000
 077           1.444e+02                   246.000                   154.000
 078           1.458e+02                   244.000                   156.000
 079           1.485e+02                   242.000                   158.000
 080           1.532e+02                   240.000                   160.000
 081           1.560e+02                   238.000                   162.000
 082           1.790e+02                   236.000                   164.000
 083           1.791e+02                   234.000                   166.000
 084           1.803e+02                   232.000                   168.000
 085           1.872e+02                   230.000                   170.000
 086           2.035e+02                   228.000                   172.000
 087           2.038e+02                   226.000                   174.000
 088           2.114e+02                   224.000                   176.000
 089           2.130e+02                   222.000                   178.000
 090           2.145e+02                   220.000                   180.000
 091           2.173e+02                   218.000                   182.000
 092           2.191e+02                   216.000                   184.000
 093           2.192e+02                   214.000                   186.000
 094           2.212e+02                   212.000                   188.000
 095           2.212e+02                   210.000                   190.000
 096           2.377e+02                   208.000                   192.000
 097           2.389e+02                   206.000                   194.000
 098           2.415e+02                   204.000                   196.000
 099           2.518e+02                   202.000                   198.000
 100           2.536e+02                   200.000                   200.000
 101           2.600e+02                   198.000                   202.000
 102           2.606e+02                   196.000                   204.000
 103           2.632e+02                   194.000                   206.000
 104           2.687e+02                   192.000                   208.000
 105           2.694e+02                   190.000                   210.000
 106           2.697e+02                   188.000                   212.000
 107           2.742e+02                   186.000                   214.000
 108           2.811e+02                   184.000                   216.000
 109           2.845e+02                   182.000                   218.000
 110           2.998e+02                   180.000                   220.000
 111           3.032e+02                   178.000                   222.000
 112           3.042e+02                   176.000                   224.000
 113           3.199e+02                   174.000                   226.000
 114           3.286e+02                   172.000                   228.000
 115           3.300e+02                   170.000                   230.000
 116           3.396e+02                   168.000                   232.000
 117           3.407e+02                   166.000                   234.000
 118           3.424e+02                   164.000                   236.000
 119           3.513e+02                   162.000                   238.000
 120           3.628e+02                   160.000                   240.000
 121           3.694e+02                   158.000                   242.000
 122           3.756e+02                   156.000                   244.000
 123           3.824e+02                   154.000                   246.000
 124           3.872e+02                   152.000                   248.000
 125           3.992e+02                   150.000                   250.000
 126           4.026e+02                   148.000                   252.000
 127           4.129e+02                   146.000                   254.000
 128           4.349e+02                   144.000                   256.000
 129           4.401e+02                   142.000                   258.000
 130           4.434e+02                   140.000                   260.000
 131           4.498e+02                   138.000                   262.000
 132           4.531e+02                   136.000                   264.000
 133           4.890e+02                   134.000                   266.000
 134           5.241e+02                   132.000                   268.000
 135           5.254e+02                   130.000                   270.000
 136           5.683e+02                   128.000                   272.000
 137           5.767e+02                   126.000                   274.000
 138           5.909e+02                   124.000                   276.000
 139           6.064e+02                   122.000                   278.000
 140           6.079e+02                   120.000                   280.000
 141           6.279e+02                   118.000                   282.000
 142           6.694e+02                   116.000                   284.000
 143           6.802e+02                   114.000                   286.000
 144           7.065e+02                   112.000                   288.000
 145           7.113e+02                   110.000                   290.000
 146           7.496e+02                   108.000                   292.000
 147           7.706e+02                   106.000                   294.000
 148           7.803e+02                   104.000                   296.000
 149           7.899e+02                   102.000                   298.000
 150           8.184e+02                   100.000                   300.000
 151           8.195e+02                   98.000                   302.000
 152           8.287e+02                   96.000                   304.000
 153           8.779e+02                   94.000                   306.000
 154           8.782e+02                   92.000                   308.000
 155           9.230e+02                   90.000                   310.000
 156           9.527e+02                   88.000                   312.000
 157           1.002e+03                   86.000                   314.000
 158           1.021e+03                   84.000                   316.000
 159           1.064e+03                   82.000                   318.000
 160           1.067e+03                   80.000                   320.000
 161           1.085e+03                   78.000                   322.000
 162           1.086e+03                   76.000                   324.000
 163           1.090e+03                   74.000                   326.000
 164           1.242e+03                   72.000                   328.000
 165           1.324e+03                   70.000                   330.000
 166           1.370e+03                   68.000                   332.000
 167           1.438e+03                   66.000                   334.000
 168           1.475e+03                   64.000                   336.000
 169           1.514e+03                   62.000                   338.000
 170           1.624e+03                   60.000                   340.000
 171           1.748e+03                   58.000                   342.000
 172           1.909e+03                   56.000                   344.000
 173           1.948e+03                   54.000                   346.000
 174           1.953e+03                   52.000                   348.000
 175           2.588e+03                   50.000                   350.000
 176           2.747e+03                   48.000                   352.000
 177           3.018e+03                   46.000                   354.000
 178           3.179e+03                   44.000                   356.000
 179           3.959e+03                   42.000                   358.000
 180           4.688e+03                   40.000                   360.000
 181           5.818e+03                   38.000                   362.000
 182           8.681e+03                   36.000                   364.000
 183           1.043e+04                   34.000                   366.000
 184           2.142e+05                   32.000                   368.000
 185           2.749e+06                   30.000                   370.000
 186           1.645e+09                   28.000                   372.000
 187           3.958e+10                   26.000                   374.000
 188           1.402e+11                   24.000                   376.000
 189           1.688e+17                   22.000                   378.000
 190           3.405e+17                   20.000                   380.000
 191           6.577e+19                   18.000                   382.000
 192           2.028e+21                   16.000                   384.000
 193           2.411e+21                   14.000                   386.000
 194           1.469e+23                   12.000                   388.000
 195           1.263e+24                   10.000                   390.000
 196           3.393e+30                   8.000                   392.000
 197           3.737e+30                   6.000                   394.000
 198           1.077e+57                   4.000                   396.000
 199           1.693e+62                   2.000                   398.000
 200           4.574e+124                   0.000                   400.000
